----------------------------------------
Number of nodes: 15
Number of edges: 14
Origin vertex: 8
Destination vertex: 9
----------------------------------------
Iteration: 1:
Generated: 8
Inspected: -
----------------------------------------
Iteration: 2:
Generated: 8, 2, 3, 15
Inspected: 8
----------------------------------------
Iteration: 3:
Generated: 8, 2, 3, 15, 5, 7
Inspected: 8, 2
----------------------------------------
Iteration: 4:
Generated: 8, 2, 3, 15, 5, 7, 6, 11, 14
Inspected: 8, 2, 7
----------------------------------------
Iteration: 5:
Generated: 8, 2, 3, 15, 5, 7, 6, 11, 14
Inspected: 8, 2, 7, 3
----------------------------------------
Iteration: 6:
Generated: 8, 2, 3, 15, 5, 7, 6, 11, 14
Inspected: 8, 2, 7, 3, 15
----------------------------------------
Iteration: 7:
Generated: 8, 2, 3, 15, 5, 7, 6, 11, 14, 5
Inspected: 8, 2, 7, 3, 15, 6
----------------------------------------
Iteration: 8:
Generated: 8, 2, 3, 15, 5, 7, 6, 11, 14, 5, 4
Inspected: 8, 2, 7, 3, 15, 6, 5
----------------------------------------
Iteration: 9:
Generated: 8, 2, 3, 15, 5, 7, 6, 11, 14, 5, 4, 4, 6
Inspected: 8, 2, 7, 3, 15, 6, 5, 5
----------------------------------------
Iteration: 10:
Generated: 8, 2, 3, 15, 5, 7, 6, 11, 14, 5, 4, 4, 6, 10
Inspected: 8, 2, 7, 3, 15, 6, 5, 5, 14
----------------------------------------
Iteration: 11:
Generated: 8, 2, 3, 15, 5, 7, 6, 11, 14, 5, 4, 4, 6, 10, 7
Inspected: 8, 2, 7, 3, 15, 6, 5, 5, 14, 6
----------------------------------------
Iteration: 12:
Generated: 8, 2, 3, 15, 5, 7, 6, 11, 14, 5, 4, 4, 6, 10, 7
Inspected: 8, 2, 7, 3, 15, 6, 5, 5, 14, 6, 4
----------------------------------------
Iteration: 13:
Generated: 8, 2, 3, 15, 5, 7, 6, 11, 14, 5, 4, 4, 6, 10, 7, 11, 14
Inspected: 8, 2, 7, 3, 15, 6, 5, 5, 14, 6, 4, 7
----------------------------------------
Iteration: 14:
Generated: 8, 2, 3, 15, 5, 7, 6, 11, 14, 5, 4, 4, 6, 10, 7, 11, 14
Inspected: 8, 2, 7, 3, 15, 6, 5, 5, 14, 6, 4, 7, 11
----------------------------------------
Iteration: 15:
Generated: 8, 2, 3, 15, 5, 7, 6, 11, 14, 5, 4, 4, 6, 10, 7, 11, 14
Inspected: 8, 2, 7, 3, 15, 6, 5, 5, 14, 6, 4, 7, 11, 11
----------------------------------------
Iteration: 16:
Generated: 8, 2, 3, 15, 5, 7, 6, 11, 14, 5, 4, 4, 6, 10, 7, 11, 14
Inspected: 8, 2, 7, 3, 15, 6, 5, 5, 14, 6, 4, 7, 11, 11, 4
----------------------------------------
Iteration: 17:
Generated: 8, 2, 3, 15, 5, 7, 6, 11, 14, 5, 4, 4, 6, 10, 7, 11, 14, 10
Inspected: 8, 2, 7, 3, 15, 6, 5, 5, 14, 6, 4, 7, 11, 11, 4, 14
----------------------------------------
Iteration: 18:
Generated: 8, 2, 3, 15, 5, 7, 6, 11, 14, 5, 4, 4, 6, 10, 7, 11, 14, 10
Inspected: 8, 2, 7, 3, 15, 6, 5, 5, 14, 6, 4, 7, 11, 11, 4, 14, 10
----------------------------------------
Iteration: 19:
Generated: 8, 2, 3, 15, 5, 7, 6, 11, 14, 5, 4, 4, 6, 10, 7, 11, 14, 10
Inspected: 8, 2, 7, 3, 15, 6, 5, 5, 14, 6, 4, 7, 11, 11, 4, 14, 10, 10
----------------------------------------
Path: 8 - 2 - 7 - 14 - 10
----------------------------------------
Cost: -1
----------------------------------------
